(:,:)
   100   105   110
   101   106   111
   102   107   112
   103   108   113
   104   109   114
<tensor.int64 of size 5x3 on cpu>
(:,:)
   100   101   102   103   104
   105   106   107   108   109
   110   111   112   113   114
<tensor.int64 of size 3x5 on cpu>
(:,:)
   100   105   110
   101   106   111
   102   107   112
   103   108   113
   104   109   114
<tensor.int64 of size 5x3 on cpu>
(:,:)
   200   205   210
   201   206   211
   202   207   212
   203   208   213
   204   209   214
<tensor.int64 of size 5x3 on cpu>
